1777920035319 0.5440702129687581 1
1777920037523 0.40509616043660546 2
1777920039573 0.3846846888011152 3
1777920041471 0.3784358593744117 4
1777920043658 0.37533716100763964 5
1777920045577 0.3714207026285011 6
1777920047372 0.37036023267677853 7
1777920049189 0.37051440258691837 8
1777920051068 0.3676793248428927 9
1777920054131 0.36703903529938164 10
1777920058182 0.3639723572638128 11
1777920060776 0.36087657791840566 12
1777920063654 0.3552411612945718 13
1777920065854 0.34816628348130685 14
1777920067895 0.33683186618538646 15
1777920070264 0.3235706697230215 16
1777920072211 0.3112216528746989 17
1777920074307 0.3059381449377382 18
1777920076264 0.28772079573049175 19
1777920078132 0.2844215679671857 20
